seq	C	
1	0.302611
2	0.425078
3	0.385546
4	0.39946
5	0.18453
6	0.26681
7	0.48366
8	0.32833
9	0.15723
10	0.36196
11	0.3453
12	0.446
13	0.2786
14	0.4249
15	0.2353
16	0.1561
17	0.2492
18	0.4092
19	0.6938
20	0.7806
21	0.5379
22	0.7865
23	0.6039
24	0.4364
25	0.6395
26	0.181
27	0.2806
28	0.1725
29	0.2596
30	0.3815
31	0.5481
32	0.3157
33	0.4398
34	0.1914
35	0.3132
36	0.2717
37	0.3234
38	0.6243
39	0.5346
40	0.3152
41	0.3691
42	0.1953
43	0.4017
44	0.3973
45	0.6582
46	0.641
47	0.3405
48	0.3884
49	0.6866
50	0.3835
51	0.5316
52	0.2957
53	0.4122
54	0.2528
55	0.3888
56	0.1838
57	0.3232
58	0.4158
59	0.3675
60	0.4282
61	0.3723
62	0.6265
63	0.4443
64	0.2778
65	0.577
66	0.3418
67	0.5403
68	0.6416
69	0.4086
70	0.6892
71	0.3852
72	0.3062
73	0.1646
74	0.275
75	0.42
76	0.1681
77	0.1623
78	0.4447
79	0.2862
80	0.2155
81	0.4082
82	0.3233
83	0.5059
84	0.2491
85	0.4315
86	0.273
87	0.3666
88	0.3726
89	0.3334
90	0.3258
91	0.2247
92	0.2337
93	0.2146
94	0.4801
95	0.6766
96	0.9388
97	1.0275
98	0.4267
99	0.3771
100	0.3633
101	0.2517
102	0.4646
103	0.3627
104	0.1907
105	0.3242
106	0.4107
107	0.1875
108	0.3266
109	0.4063
110	0.6844
111	0.384
112	0.202
113	0.412
114	0.167
115	0.155
116	0.322
117	0.372
118	0.649
119	0.16
120	0.227
121	0.289
122	0.339
123	0.386
124	0.158
125	0.341
126	0.228
127	0.301
128	0.379
129	0.383
130	0.437
131	0.334
132	0.166
133	0.214
134	0.358
135	0.522
136	0.568
137	0.353
138	0.43
139	0.405
140	0.615
141	0.536
142	0.342
143	0.376
144	0.232
145	0.357
146	0.226
147	0.311
148	0.352
149	0.59
150	0.174
151	0.225
152	0.16
153	0.452
154	0.352
155	0.594
156	0.167
157	0.37
158	0.211
159	0.212
160	0.23
161	0.349
162	0.241
163	0.31
164	0.595
165	0.574
166	0.361
167	0.192
168	0.436
169	0.377
170	0.371
171	0.563
172	0.435
173	0.315
174	0.204
175	0.299
176	0.487
177	0.748
178	0.521
179	0.399
180	0.643
181	0.293
182	0.4
183	0.7
184	0.44
185	0.32
186	0.268
187	0.332
188	0.44
189	0.419
190	0.181
191	0.397
192	0.238
193	0.286
194	0.367
195	0.28
196	0.282
197	0.301
198	0.336
199	0.178
200	0.431
201	0.538
202	0.174
203	0.286
204	0.428
205	0.408
206	0.65
207	0.168
208	0.451
209	0.461
210	0.56
211	0.347
212	0.177
213	0.441
214	0.205
215	0.207
216	0.164
217	0.26
218	0.376
219	0.366
220	0.321
221	0.187
222	0.275
223	0.473
224	0.537
225	0.812
226	0.377
227	0.491
228	0.535
229	0.241
230	0.333
231	0.16
232	0.207
233	0.401
234	0.609
235	0.694
236	0.169
237	0.296
238	0.449
239	0.165
240	0.27
241	0.439
242	0.65
243	0.448
244	0.335
245	0.498
246	0.32
247	0.288
248	0.247
249	0.33
250	0.526
251	0.558
252	0.431
253	0.376
254	0.253
255	0.437
256	0.153
257	0.422
258	0.279
259	0.157
260	0.284
261	0.268
262	0.359
263	0.448
264	0.712
265	0.239
266	0.535
267	0.411
268	0.422
269	0.581
270	0.408
271	0.317
272	0.233
273	0.261
274	0.55
275	0.65
276	0.381
277	0.29
278	0.334
279	0.274
280	0.356
281	0.329
282	0.495
283	0.235
284	0.249
285	0.453
286	0.489
287	0.578
288	0.355
289	0.641
290	0.231
291	0.24
292	0.508
293	0.435
294	0.275
295	0.373
296	0.205
297	0.213
298	0.288
299	0.44
300	0.531
301	0.731
302	0.318
303	0.432
304	0.513
305	0.165
306	0.311
307	0.252
308	0.445
309	0.722
310	0.69
311	0.855
312	0.852
313	1.058
314	0.444
315	0.212
316	0.321
317	0.52
318	0.173
319	0.365
320	0.21
321	0.266
322	0.317
323	0.309
324	0.311
325	0.307
326	0.445
327	0.367
328	0.181
329	0.224
330	0.322
331	0.378
332	0.193
333	0.226
334	0.177
335	0.363
336	0.403
337	0.252
338	0.304
339	0.262
340	0.212
341	0.291
342	0.451
343	0.185
344	0.344
345	0.163
346	0.416
347	0.295
348	0.259
349	0.349
350	0.259
351	0.521
352	0.452
353	0.425
354	0.272
355	0.175
356	0.397
357	0.18
358	0.387
359	0.333
360	0.586
361	0.458
362	0.393
363	0.191
364	0.177
365	0.194
366	0.358
367	0.406
368	0.436
369	0.217
370	0.192
371	0.24
372	0.398
373	0.554
374	0.153
375	0.271
376	0.154
377	0.391
378	0.301
379	0.375
380	0.508
381	0.173
382	0.384
383	0.3
384	0.241
385	0.394
386	0.259
387	0.298
388	0.273
389	0.378
390	0.367
391	0.415
392	0.603
393	0.419
394	0.576
395	0.387
396	0.538
397	0.72
398	0.576
399	0.774
400	0.71
401	0.311
402	0.228
403	0.357
404	0.21
405	0.335
406	0.435
407	0.333
408	0.338
409	0.394
410	0.392
411	0.48
412	0.379
413	0.423
414	0.415
415	0.282
416	0.506
417	0.609
418	0.299
419	0.202
420	0.471
421	0.446
422	0.407
423	0.601
424	0.291
425	0.167
426	0.428
427	0.272
428	0.453
429	0.327
430	0.344
431	0.227
432	0.354
433	0.322
434	0.362
435	0.239
436	0.445
437	0.193
438	0.353
439	0.4
440	0.427
441	0.382
442	0.607
443	0.741
444	0.932
445	0.24
446	0.383
447	0.203
448	0.445
449	0.402
450	0.368
451	0.295
452	0.181
453	0.202
454	0.29
455	0.419
456	0.288
457	0.204
458	0.452
459	0.287
460	0.502
461	0.401
462	0.425
463	0.384
464	0.411
465	0.282
466	0.49
467	0.701
468	0.497
469	0.166
470	0.304
471	0.426
472	0.167
473	0.248
474	0.268
475	0.344
476	0.191
477	0.244
478	0.415
479	0.473
480	0.721
481	0.165
482	0.436
483	0.374
484	0.308
485	0.228
486	0.401
487	0.202
488	0.229
489	0.403
490	0.388
491	0.451
492	0.424
493	0.543
494	0.383
495	0.348
496	0.56
497	0.855
498	0.528
499	0.451
500	0.295
501	0.424
502	0.535
503	0.401
504	0.173
505	0.371
506	0.342
507	0.168
508	0.329
509	0.496
510	0.192
511	0.257
512	0.379
513	0.244
514	0.229
515	0.281
516	0.158
517	0.257
518	0.355
519	0.153
520	0.332
521	0.304
522	0.447
523	0.161
524	0.217
525	0.207
526	0.356
527	0.275
528	0.221
529	0.483
530	0.409
531	0.549
532	0.353
533	0.336
534	0.466
535	0.451
536	0.373
537	0.185
538	0.322
539	0.447
540	0.277
541	0.207
542	0.303
543	0.415
544	0.629
545	0.487
546	0.456
547	0.161
548	0.384
549	0.212
550	0.286
551	0.374
552	0.187
553	0.239
554	0.344
555	0.601
556	0.264
557	0.264
558	0.54
559	0.82
560	0.492
561	0.662
562	0.327
563	0.345
564	0.369
565	0.33
566	0.275
567	0.184
568	0.194
569	0.34
570	0.386
571	0.374
572	0.602
573	0.407
574	0.267
575	0.221
576	0.232
577	0.449
578	0.31
579	0.248
580	0.319
581	0.401
582	0.31
583	0.296
584	0.211
585	0.429
586	0.291
587	0.397
588	0.217
589	0.241
590	0.271
591	0.363
592	0.301
593	0.246
594	0.434
595	0.175
596	0.439
597	0.443
598	0.376
599	0.284
600	0.155
601	0.441
602	0.257
603	0.17
604	0.386
605	0.331
606	0.293
607	0.176
608	0.392
609	0.246
610	0.199
611	0.433
612	0.629
613	0.409
614	0.22
615	0.218
616	0.233
617	0.245
618	0.434
619	0.512
620	0.457
621	0.393
622	0.226
623	0.352
624	0.214
625	0.182
626	0.342
627	0.163
628	0.267
629	0.335
630	0.442
631	0.29
632	0.388
633	0.21
634	0.217
635	0.279
636	0.428
637	0.329
638	0.169
639	0.455
640	0.317
641	0.317
642	0.211
643	0.442
644	0.432
645	0.291
646	0.254
647	0.346
648	0.475
649	0.397
650	0.48
651	0.464
652	0.383
653	0.623
654	0.418
655	0.453
656	0.723
657	0.762
658	0.362
659	0.236
660	0.179
661	0.224
662	0.431
663	0.206
664	0.283
665	0.248
666	0.327
667	0.188
668	0.165
669	0.265
670	0.495
671	0.291
672	0.411
673	0.579
674	0.428
675	0.581
676	0.475
677	0.28
678	0.225
679	0.361
680	0.581
681	0.248
682	0.509
683	0.26
684	0.445
685	0.272
686	0.376
687	0.489
688	0.529
689	0.787
690	0.212
691	0.246
692	0.35
693	0.34
694	0.445
695	0.378
696	0.306
697	0.387
698	0.207
699	0.299
700	0.397
701	0.217
702	0.411
703	0.192
704	0.247
705	0.309
706	0.412
707	0.273
708	0.353
709	0.391
710	0.679
711	0.422
712	0.624
713	0.28
714	0.44
715	0.322
716	0.335
717	0.186
718	0.181
719	0.34
720	0.447
721	0.159
722	0.416
723	0.333
724	0.592
725	0.81
726	0.528
727	0.558
728	0.238
729	0.388
730	0.428
731	0.635
732	0.183
733	0.452
734	0.492
735	0.682
736	0.161
737	0.258
738	0.295
739	0.412
740	0.578
741	0.466
742	0.235
743	0.426
744	0.581
745	0.767
746	0.492
747	0.276
748	0.307
749	0.358
750	0.569
751	0.662
752	0.249
753	0.351
754	0.405
755	0.22
756	0.363
757	0.409
758	0.213
759	0.233
760	0.34
761	0.408
762	0.28
763	0.452
764	0.275
765	0.358
766	0.193
767	0.395
768	0.398
769	0.663
770	0.207
771	0.445
772	0.655
773	0.411
774	0.374
775	0.228
776	0.212
777	0.301
778	0.308
779	0.437
780	0.414
781	0.381
782	0.264
783	0.349
784	0.153
785	0.45
786	0.288
787	0.253
788	0.381
789	0.214
790	0.295
791	0.242
792	0.534
793	0.248
794	0.309
795	0.386
796	0.415
797	0.372
798	0.301
799	0.595
800	0.234
801	0.435
802	0.685
803	0.36
804	0.198
805	0.439
806	0.206
807	0.43
808	0.422
809	0.329
810	0.442
811	0.44
812	0.303
813	0.219
814	0.275
815	0.238
816	0.258
817	0.506
818	0.286
819	0.397
820	0.369
821	0.506
822	0.24
823	0.444
824	0.351
825	0.244
826	0.26
827	0.439
828	0.7
829	0.436
830	0.174
831	0.45
832	0.572
833	0.436
834	0.305
835	0.396
836	0.445
837	0.704
838	0.355
839	0.295
840	0.434
841	0.279
842	0.375
843	0.272
844	0.435
845	0.408
846	0.447
847	0.326
848	0.442
849	0.156
850	0.277
851	0.255
852	0.306
853	0.19
854	0.234
855	0.459
856	0.259
857	0.277
858	0.273
859	0.242
860	0.391
861	0.248
862	0.28
863	0.49
864	0.247
865	0.323
866	0.465
867	0.333
868	0.461
869	0.164
870	0.425
871	0.394
872	0.243
873	0.159
874	0.319
875	0.448
876	0.473
877	0.396
878	0.394
879	0.233
880	0.167
881	0.454
882	0.182
883	0.368
884	0.275
885	0.163
886	0.453
887	0.317
888	0.533
889	0.253
890	0.24
891	0.206
892	0.337
893	0.235
894	0.514
895	0.444
896	0.546
897	0.474
898	0.244
899	0.337
900	0.217
901	0.249
902	0.254
903	0.222
904	0.209
905	0.185
906	0.312
907	0.45
908	0.451
909	0.434
910	0.167
911	0.18
912	0.195
913	0.319
914	0.397
915	0.176
916	0.453
917	0.448
918	0.321
919	0.548
920	0.233
921	0.198
922	0.254
923	0.21
924	0.242
925	0.407
926	0.553
927	0.567
928	0.591
929	0.261
930	0.55
931	0.387
932	0.313
933	0.583
934	0.547
935	0.641
936	0.799
937	0.277
938	0.559
939	0.285
940	0.266
941	0.219
942	0.161
943	0.196
944	0.321
945	0.421
946	0.208
947	0.22
948	0.408
949	0.187
950	0.416
951	0.156
952	0.436
953	0.526
954	0.236
955	0.307
956	0.249
957	0.296
958	0.559
959	0.83
960	0.433
961	0.423
962	0.235
963	0.362
964	0.234
965	0.424
966	0.157
967	0.237
968	0.321
969	0.392
970	0.439
971	0.34
972	0.394
973	0.326
974	0.164
975	0.417
976	0.68
977	0.846
978	0.374
979	0.649
980	0.765
981	0.405
982	0.697
983	0.169
984	0.238
985	0.268
986	0.304
987	0.386
988	0.421
989	0.384
990	0.432
991	0.631
992	0.217
993	0.402
994	0.288
995	0.156
996	0.222
997	0.452
998	0.27
999	0.34
1000	0.43
