seq	C	
1	not receive
2	not receive
3	0.15255
4	0.15254
5	0.15254
6	0.15255
7	0.15254
8	0.15255
9	0.15254
10	0.1525
11	0.1526
12	0.1525
13	0.1525
14	0.1525
15	0.1526
16	0.1525
17	not receive
18	0.1526
19	0.1526
20	0.1525
21	not receive
22	0.1526
23	0.1525
24	0.1525
25	0.1526
26	0.1525
27	0.1525
28	0.1526
29	0.1525
30	0.1525
31	0.1525
32	0.1525
33	0.1525
34	0.1526
35	0.1525
36	0.1526
37	0.1526
38	not receive
39	0.1526
40	0.1525
41	0.1525
42	0.1526
43	0.1526
44	0.1526
45	0.1525
46	0.1526
47	0.1525
48	0.1526
49	0.1525
50	0.1525
51	0.1525
52	0.1525
53	0.1526
54	0.1525
55	0.1525
56	0.1525
57	0.1525
58	0.1525
59	0.1525
60	0.1525
61	0.1525
62	0.1526
63	0.1525
64	not receive
65	not receive
66	0.1525
67	0.1526
68	0.1525
69	0.1525
70	0.1526
71	0.1525
72	0.1526
73	0.1525
74	0.1526
75	0.1525
76	0.1526
77	0.1525
78	0.1526
79	0.1525
80	0.1525
81	0.1526
82	0.1525
83	0.1526
84	0.1525
85	0.1525
86	0.1525
87	0.1525
88	0.1526
89	not receive
90	0.1525
91	0.1526
92	0.1525
93	0.1525
94	0.1526
95	0.1525
96	0.1525
97	not receive
98	0.1525
99	0.1525
100	0.1525
101	0.1525
102	0.1525
103	not receive
104	0.152
105	0.152
106	not receive
107	0.153
108	0.153
109	0.152
110	0.153
111	not receive
112	not receive
113	0.152
114	not receive
115	0.153
116	0.152
117	0.152
118	0.153
119	0.152
120	0.153
121	not receive
122	0.153
123	0.153
124	0.152
125	not receive
126	not receive
127	0.153
128	0.152
129	0.152
130	0.153
131	0.153
132	0.153
133	0.152
134	0.152
135	0.152
136	0.152
137	not receive
138	0.152
139	0.153
140	0.153
141	0.153
142	0.153
143	0.153
144	0.152
145	0.152
146	0.153
147	0.152
148	0.153
149	0.152
150	0.152
151	0.152
152	0.152
153	0.153
154	0.152
155	0.153
156	0.152
157	0.153
158	0.153
159	0.153
160	0.153
161	0.153
162	0.153
163	0.153
164	0.153
165	0.152
166	0.152
167	0.153
168	0.152
169	0.153
170	0.152
171	0.152
172	0.152
173	0.152
174	0.153
175	0.153
176	0.153
177	0.153
178	0.153
179	0.152
180	0.152
181	0.153
182	0.152
183	0.153
184	0.152
185	0.152
186	0.153
187	0.152
188	0.152
189	0.153
190	0.153
191	0.152
192	0.152
193	0.152
194	0.153
195	0.152
196	not receive
197	0.152
198	not receive
199	0.152
200	0.153
201	0.152
202	0.153
203	0.152
204	not receive
205	0.152
206	0.152
207	0.153
208	0.153
209	0.152
210	0.153
211	0.152
212	0.153
213	0.152
214	0.153
215	0.153
216	0.152
217	0.153
218	0.153
219	not receive
220	0.153
221	0.152
222	0.152
223	0.153
224	0.153
225	0.153
226	not receive
227	0.153
228	0.152
229	0.152
230	0.152
231	0.152
232	0.152
233	0.153
234	not receive
235	0.153
236	0.152
237	0.152
238	0.153
239	0.153
240	0.153
241	0.153
242	0.152
243	0.153
244	0.153
245	0.153
246	0.153
247	0.152
248	0.153
249	0.152
250	0.153
251	0.153
252	0.153
253	0.153
254	not receive
255	0.153
256	0.153
257	0.153
258	0.153
259	0.152
260	0.153
261	0.153
262	0.153
263	0.152
264	0.152
265	0.153
266	0.153
267	0.153
268	0.153
269	0.153
270	0.153
271	0.153
272	0.153
273	0.153
274	0.152
275	0.153
276	0.153
277	0.152
278	0.152
279	0.152
280	0.152
281	0.153
282	0.152
283	0.152
284	0.153
285	0.153
286	0.153
287	0.152
288	0.152
289	0.153
290	0.153
291	0.153
292	0.153
293	0.152
294	0.153
295	0.153
296	0.152
297	0.153
298	0.153
299	0.153
300	0.153
301	0.152
302	0.153
303	0.153
304	0.152
305	0.152
306	not receive
307	0.153
308	0.153
309	not receive
310	0.153
311	0.153
312	0.153
313	not receive
314	0.152
315	0.153
316	0.152
317	0.152
318	0.153
319	not receive
320	not receive
321	0.153
322	0.152
323	0.153
324	0.153
325	0.152
326	0.153
327	0.153
328	0.153
329	0.152
330	not receive
331	not receive
332	0.152
333	0.153
334	0.153
335	0.152
336	0.153
337	0.152
338	0.153
339	0.152
340	not receive
341	0.152
342	not receive
343	0.153
344	not receive
345	0.153
346	0.153
347	0.153
348	0.153
349	0.153
350	not receive
351	not receive
352	not receive
353	0.153
354	0.152
355	0.153
356	0.153
357	0.152
358	0.153
359	0.152
360	not receive
361	0.153
362	0.152
363	0.153
364	not receive
365	0.152
366	not receive
367	0.152
368	0.153
369	0.153
370	0.152
371	0.152
372	0.152
373	0.152
374	not receive
375	0.153
376	0.152
377	not receive
378	0.152
379	0.153
380	0.152
381	0.153
382	0.153
383	0.152
384	0.153
385	0.152
386	0.152
387	0.153
388	not receive
389	0.152
390	0.152
391	0.153
392	0.152
393	0.153
394	not receive
395	0.153
396	0.152
397	0.152
398	0.153
399	0.152
400	0.152
401	0.153
402	0.152
403	0.153
404	0.153
405	0.153
406	0.152
407	0.153
408	0.152
409	0.152
410	0.152
411	0.153
412	0.153
413	0.152
414	0.153
415	0.153
416	not receive
417	0.153
418	0.153
419	0.152
420	0.153
421	0.153
422	0.153
423	0.152
424	0.153
425	0.152
426	0.152
427	0.153
428	0.152
429	not receive
430	0.152
431	0.152
432	0.152
433	0.152
434	0.152
435	0.153
436	0.152
437	0.152
438	not receive
439	not receive
440	0.153
441	0.153
442	not receive
443	0.153
444	0.152
445	0.152
446	0.152
447	not receive
448	0.152
449	0.152
450	0.153
451	0.153
452	0.153
453	0.153
454	0.152
455	0.152
456	0.153
457	0.152
458	0.153
459	0.153
460	0.152
461	0.153
462	0.153
463	0.153
464	0.152
465	0.152
466	0.153
467	0.152
468	0.152
469	0.153
470	0.153
471	0.153
472	0.152
473	0.152
474	0.152
475	0.153
476	0.153
477	0.153
478	0.153
479	0.153
480	0.152
481	0.153
482	0.152
483	not receive
484	0.153
485	0.152
486	0.152
487	0.153
488	0.153
489	0.153
490	0.153
491	0.152
492	0.152
493	0.153
494	0.152
495	0.153
496	0.153
497	0.152
498	0.152
499	0.152
500	0.152
501	not receive
502	0.152
503	0.153
504	0.152
505	0.153
506	0.153
507	0.153
508	0.153
509	0.153
510	0.153
511	0.152
512	0.152
513	0.152
514	0.152
515	not receive
516	0.152
517	0.153
518	0.152
519	0.152
520	0.152
521	0.153
522	0.153
523	0.152
524	0.153
525	0.152
526	0.153
527	0.153
528	0.153
529	0.153
530	not receive
531	not receive
532	0.152
533	0.153
534	0.152
535	0.152
536	0.153
537	0.152
538	0.152
539	0.153
540	0.153
541	0.153
542	0.153
543	0.152
544	0.153
545	0.152
546	not receive
547	0.153
548	0.153
549	0.152
550	not receive
551	0.152
552	0.152
553	0.152
554	0.153
555	0.152
556	0.152
557	0.153
558	0.153
559	not receive
560	0.153
561	0.153
562	0.152
563	0.153
564	0.152
565	0.152
566	0.153
567	not receive
568	0.153
569	0.153
570	0.153
571	not receive
572	0.153
573	0.153
574	not receive
575	0.153
576	0.152
577	0.152
578	0.152
579	0.152
580	0.152
581	0.153
582	0.153
583	0.152
584	0.152
585	0.152
586	0.152
587	0.153
588	0.152
589	not receive
590	0.153
591	0.153
592	0.153
593	0.153
594	0.152
595	not receive
596	0.153
597	0.153
598	0.153
599	0.152
600	0.153
601	0.153
602	0.153
603	0.152
604	not receive
605	not receive
606	0.152
607	0.152
608	0.153
609	0.153
610	0.153
611	0.152
612	0.153
613	0.152
614	0.153
615	0.152
616	0.153
617	0.153
618	0.153
619	not receive
620	0.153
621	not receive
622	not receive
623	0.152
624	0.152
625	0.152
626	0.152
627	0.153
628	not receive
629	0.152
630	0.153
631	0.153
632	not receive
633	0.153
634	0.152
635	0.153
636	0.152
637	0.153
638	0.153
639	0.152
640	0.152
641	0.152
642	0.153
643	not receive
644	0.152
645	0.153
646	0.153
647	not receive
648	0.153
649	0.153
650	not receive
651	0.153
652	0.153
653	not receive
654	not receive
655	0.152
656	0.153
657	0.153
658	0.152
659	0.153
660	0.153
661	0.153
662	not receive
663	0.152
664	not receive
665	0.153
666	0.152
667	not receive
668	0.153
669	0.153
670	0.152
671	0.153
672	0.152
673	not receive
674	0.152
675	0.152
676	0.152
677	0.153
678	0.152
679	0.152
680	not receive
681	0.152
682	0.152
683	0.152
684	0.153
685	0.153
686	0.152
687	0.152
688	0.152
689	0.153
690	0.153
691	0.153
692	0.153
693	0.152
694	0.153
695	0.152
696	0.152
697	0.152
698	not receive
699	0.153
700	0.153
701	0.152
702	0.152
703	0.153
704	0.152
705	0.153
706	0.152
707	not receive
708	0.153
709	0.152
710	0.152
711	0.152
712	0.152
713	0.152
714	0.153
715	0.152
716	0.153
717	0.153
718	0.152
719	0.152
720	0.153
721	0.152
722	0.152
723	0.153
724	0.153
725	0.152
726	not receive
727	0.152
728	0.153
729	0.152
730	0.153
731	0.153
732	0.153
733	0.153
734	0.152
735	0.153
736	0.152
737	0.153
738	0.152
739	0.153
740	0.153
741	0.152
742	0.152
743	0.152
744	0.152
745	0.152
746	0.153
747	0.152
748	not receive
749	0.152
750	0.153
751	not receive
752	0.152
753	0.153
754	not receive
755	0.152
756	0.152
757	0.153
758	0.153
759	0.153
760	0.153
761	0.153
762	0.153
763	0.153
764	0.152
765	not receive
766	0.153
767	0.152
768	0.152
769	0.153
770	0.152
771	0.152
772	0.153
773	0.153
774	0.153
775	0.152
776	0.152
777	0.153
778	0.152
779	0.152
780	0.152
781	0.152
782	0.153
783	0.153
784	0.152
785	0.153
786	not receive
787	0.152
788	0.152
789	0.153
790	0.153
791	0.153
792	0.153
793	0.152
794	0.152
795	0.153
796	0.153
797	0.153
798	0.153
799	0.153
800	0.153
801	0.152
802	0.152
803	0.153
804	0.152
805	0.153
806	0.153
807	0.152
808	0.152
809	0.153
810	not receive
811	0.153
812	0.153
813	0.152
814	0.152
815	not receive
816	0.153
817	0.152
818	0.152
819	0.153
820	0.153
821	0.152
822	0.152
823	0.152
824	0.152
825	0.152
826	0.153
827	not receive
828	0.153
829	0.152
830	0.152
831	not receive
832	0.153
833	0.153
834	0.153
835	0.152
836	0.153
837	0.153
838	0.152
839	0.153
840	0.153
841	0.153
842	0.153
843	0.153
844	not receive
845	0.153
846	0.153
847	0.152
848	0.153
849	not receive
850	0.153
851	0.153
852	0.152
853	0.153
854	0.152
855	not receive
856	0.153
857	0.153
858	0.152
859	0.152
860	0.153
861	0.153
862	0.153
863	0.152
864	0.152
865	0.152
866	0.152
867	0.153
868	0.153
869	0.153
870	0.152
871	0.152
872	0.153
873	not receive
874	0.152
875	0.153
876	0.153
877	0.152
878	not receive
879	0.153
880	0.153
881	0.152
882	0.153
883	0.152
884	0.152
885	0.152
886	not receive
887	0.153
888	0.153
889	0.153
890	0.152
891	0.152
892	0.153
893	0.152
894	not receive
895	0.153
896	0.152
897	not receive
898	0.152
899	0.153
900	0.152
901	not receive
902	0.152
903	0.153
904	0.153
905	0.152
906	0.153
907	0.153
908	0.152
909	0.152
910	not receive
911	0.153
912	0.153
913	not receive
914	0.153
915	0.153
916	0.152
917	0.152
918	0.152
919	0.153
920	0.153
921	0.152
922	0.152
923	0.152
924	0.153
925	0.152
926	0.153
927	0.152
928	0.153
929	0.152
930	0.153
931	0.153
932	0.152
933	0.152
934	0.152
935	0.152
936	0.153
937	0.153
938	0.152
939	0.153
940	0.152
941	0.153
942	0.152
943	0.152
944	0.152
945	0.153
946	0.152
947	0.153
948	0.153
949	0.152
950	0.152
951	0.153
952	0.152
953	0.152
954	0.153
955	0.153
956	0.152
957	0.152
958	0.152
959	0.152
960	0.152
961	not receive
962	0.153
963	not receive
964	0.153
965	0.152
966	not receive
967	0.153
968	0.153
969	0.152
970	0.152
971	0.153
972	not receive
973	0.153
974	0.153
975	0.152
976	0.153
977	0.152
978	not receive
979	0.152
980	0.153
981	0.152
982	0.153
983	0.152
984	0.153
985	0.152
986	0.153
987	0.153
988	0.152
989	0.153
990	0.152
991	0.153
992	0.153
993	0.152
994	0.152
995	0.153
996	0.153
997	0.152
998	0.153
999	0.153
1000	0.153
