seq	C	
1	0.302611
2	0.5904036
3	0.41773
4	0.17071
5	0.3968
6	0.51957
7	0.3762
8	0.17434
9	0.4371
10	0.3175
11	0.3189
12	0.2772
13	0.2228
14	0.4702
15	0.6269
16	0.8136
17	0.6346
18	0.5371
19	0.1907
20	0.2043
21	0.2887
22	0.2303
23	0.4652
24	0.6078
25	0.4246
26	0.5843
27	1.0051
28	0.2938
29	0.3112
30	0.3361
31	0.2196
32	0.2216
33	0.3279
34	0.3261
35	0.454
36	0.2008
37	0.4341
38	0.2362
39	0.1794
40	0.3816
41	0.6309
42	0.7891
43	0.7508
44	0.3927
45	0.496
46	0.612
47	0.3636
48	0.579
49	0.4073
50	0.2475
51	0.2155
52	0.3464
53	0.4266
54	0.415
55	0.4421
56	0.2226
57	0.2239
58	0.1708
59	0.3831
60	0.2905
61	0.2012
62	0.2254
63	0.2755
64	0.3393
65	0.2931
66	0.1744
67	0.3023
68	0.1529
69	0.4432
70	0.4339
71	0.2376
72	0.2048
73	0.3538
74	0.3209
75	0.2601
76	0.1669
77	0.2827
78	0.5402
79	0.2502
80	0.2732
81	0.2275
82	0.3722
83	0.3587
84	0.1797
85	0.4278
86	0.3175
87	0.4272
88	0.2786
89	0.3411
90	0.1932
91	0.3812
92	0.7179
93	0.6897
94	0.1952
95	0.2415
96	0.1964
97	0.4337
98	0.1551
99	0.6191
100	0.2657
101	0.3068
102	0.486
103	0.226
104	0.95
105	0.874
106	1.102
107	1.289
108	0.423
109	0.417
110	0.307
111	0.198
112	0.274
113	0.32
114	0.321
115	0.507
116	0.253
117	0.44
118	0.741
119	0.417
120	0.158
121	0.407
122	0.187
123	0.33
124	0.279
125	0.219
126	0.212
127	0.227
128	0.309
129	0.292
130	0.569
131	0.386
132	0.162
133	0.228
134	0.201
135	0.67
136	0.777
137	0.399
138	0.433
139	0.438
140	0.738
141	0.401
142	0.168
143	0.301
144	0.409
145	0.16
146	0.431
147	0.323
148	0.215
149	0.362
150	0.701
151	0.227
152	0.45
153	0.641
154	0.86
155	0.58
156	0.335
157	0.349
158	0.322
159	0.413
160	0.411
161	0.423
162	0.698
163	0.309
164	0.254
165	0.31
166	0.19
167	0.275
168	0.255
169	0.449
170	0.556
171	0.383
172	0.362
173	0.41
174	0.309
175	0.215
176	0.449
177	0.362
178	0.166
179	0.279
180	0.416
181	0.434
182	0.206
183	0.24
184	0.39
185	0.312
186	0.658
187	0.855
188	1.075
189	0.549
190	0.637
191	0.368
192	0.691
193	0.195
194	0.378
195	0.282
196	0.164
197	0.299
198	0.412
199	0.314
200	0.322
201	0.511
202	0.651
203	0.218
204	0.216
205	0.346
206	0.395
207	0.298
208	0.242
209	1.004
210	1.17
211	0.287
212	0.231
213	0.435
214	0.319
215	0.172
216	0.362
217	0.294
218	0.286
219	0.17
220	0.305
221	0.154
222	0.169
223	0.295
224	0.388
225	0.326
226	0.23
227	0.353
228	0.186
229	0.382
230	0.324
231	0.156
232	0.427
233	0.296
234	0.575
235	0.26
236	0.428
237	0.82
238	0.206
239	0.306
240	0.48
241	0.526
242	0.645
243	0.696
244	0.206
245	0.259
246	0.255
247	0.408
248	0.335
249	0.202
250	0.164
251	0.723
252	0.69
253	0.7
254	0.339
255	0.269
256	0.404
257	0.294
258	0.284
259	0.263
260	0.402
261	0.732
262	0.919
263	0.477
264	0.153
265	0.408
266	0.427
267	0.359
268	0.295
269	0.301
270	0.233
271	0.218
272	0.356
273	0.433
274	0.662
275	0.898
276	1.121
277	0.27
278	0.413
279	0.351
280	0.377
281	0.702
282	0.759
283	0.5
284	0.416
285	0.477
286	0.35
287	0.581
288	0.276
289	0.262
290	0.166
291	0.187
292	0.173
293	0.364
294	0.393
295	0.346
296	0.538
297	0.34
298	0.192
299	0.488
300	0.441
301	0.399
302	0.153
303	0.25
304	0.24
305	0.653
306	0.698
307	0.849
308	0.936
309	0.74
310	0.39
311	0.162
312	0.398
313	0.401
314	0.389
315	0.383
316	0.632
317	0.362
318	0.161
319	0.26
320	0.558
321	0.179
322	0.28
323	0.397
324	0.419
325	0.415
326	0.154
327	0.393
328	0.261
329	0.356
330	0.497
331	0.332
332	0.469
333	0.493
334	0.367
335	0.41
336	0.907
337	0.284
338	0.444
339	0.366
340	0.254
341	0.328
342	0.511
343	0.355
344	0.263
345	0.442
346	0.548
347	0.397
348	0.329
349	0.534
350	1.004
351	0.808
352	0.451
353	0.409
354	0.433
355	0.713
356	0.298
357	0.52
358	0.428
359	0.428
360	0.418
361	0.287
362	0.19
363	0.331
364	0.448
365	0.204
366	0.158
367	0.339
368	0.42
369	0.786
370	1.236
371	1.196
372	0.208
373	0.346
374	0.673
375	0.175
376	0.219
377	0.245
378	0.19
379	0.16
380	0.399
381	0.339
382	0.166
383	0.449
384	0.215
385	0.368
386	0.203
387	0.223
388	0.429
389	0.469
390	0.668
391	0.597
392	0.73
393	0.667
394	0.252
395	0.516
396	0.644
397	1.101
398	0.351
399	0.309
400	0.556
401	0.425
402	0.184
403	0.345
404	0.182
405	0.351
406	0.17
407	0.165
408	0.403
409	0.389
410	0.463
411	0.405
412	0.351
413	0.448
414	0.368
415	0.437
416	0.498
417	0.303
418	0.454
419	0.33
420	0.365
421	0.363
422	0.329
423	0.186
424	0.648
425	0.419
426	0.636
427	0.909
428	0.395
429	0.349
430	0.335
431	0.405
432	0.256
433	0.416
434	0.23
435	0.322
436	0.328
437	0.543
438	0.244
439	0.45
440	0.316
441	0.425
442	0.415
443	0.675
444	0.896
445	0.979
446	0.384
447	0.42
448	0.44
449	0.304
450	0.592
451	0.424
452	0.535
453	0.805
454	0.366
455	0.579
456	0.264
457	0.341
458	0.26
459	0.483
460	0.344
461	0.332
462	0.158
463	0.269
464	0.344
465	0.383
466	0.27
467	0.189
468	0.187
469	0.542
470	0.377
471	0.267
472	0.444
473	0.173
474	0.289
475	0.553
476	1.051
477	1.079
478	1.064
479	0.879
480	0.437
481	0.688
482	0.756
483	0.323
484	0.515
485	0.777
486	0.549
487	0.372
488	0.532
489	0.832
490	0.672
491	0.422
492	0.468
493	0.21
494	0.233
495	0.355
496	0.253
497	0.156
498	0.198
499	0.487
500	0.336
501	0.319
502	0.295
503	0.288
504	0.207
505	0.262
506	0.277
507	0.269
508	0.155
509	0.36
510	0.16
511	0.243
512	0.522
513	0.784
514	0.449
515	0.37
516	0.298
517	0.358
518	0.414
519	0.696
520	0.659
521	0.367
522	0.66
523	0.368
524	0.374
525	0.67
526	0.867
527	0.918
528	0.828
529	0.23
530	0.441
531	0.363
532	0.46
533	0.195
534	0.332
535	0.177
536	0.214
537	0.161
538	0.381
539	0.837
540	0.655
541	0.262
542	0.651
543	0.163
544	1.197
545	0.195
546	0.388
547	0.366
548	0.179
549	0.281
550	0.196
551	0.391
552	0.284
553	0.458
554	0.653
555	0.597
556	0.583
557	0.473
558	0.566
559	0.224
560	0.654
561	0.385
562	0.211
563	0.293
564	0.511
565	0.692
566	0.318
567	1.332
568	0.408
569	0.444
570	0.561
571	0.321
572	0.677
573	0.683
574	0.783
575	0.849
576	0.424
577	0.213
578	0.283
579	0.232
580	0.411
581	0.423
582	0.324
583	0.433
584	0.3
585	0.462
586	0.231
587	0.727
588	0.689
589	0.861
590	0.776
591	0.586
592	0.238
593	0.209
594	0.376
595	0.2
596	0.526
597	0.277
598	0.296
599	0.377
600	0.307
601	0.217
602	0.65
603	0.468
604	0.44
605	0.302
606	0.487
607	0.4
608	0.227
609	0.25
610	0.313
611	0.75
612	0.351
613	0.215
614	0.478
615	0.566
616	0.242
617	0.449
618	0.701
619	0.271
620	0.333
621	0.439
622	0.368
623	0.452
624	0.375
625	0.381
626	0.563
627	0.171
628	0.213
629	0.198
630	0.739
631	0.228
632	0.187
633	0.396
634	0.354
635	0.346
636	0.421
637	0.333
638	0.395
639	0.331
640	0.358
641	0.929
642	0.371
643	0.325
644	0.375
645	0.532
646	0.375
647	0.33
648	0.242
649	0.205
650	0.353
651	0.188
652	0.274
653	0.3
654	0.309
655	0.571
656	0.818
657	0.908
658	1.169
659	1.224
660	0.478
661	0.447
662	0.416
663	0.301
664	0.411
665	0.445
666	0.301
667	0.869
668	0.373
669	0.397
670	0.396
671	0.411
672	0.299
673	0.398
674	0.451
675	0.419
676	0.234
677	0.248
678	0.331
679	0.159
680	0.274
681	0.33
682	0.269
683	0.239
684	0.431
685	0.522
686	0.277
687	0.328
688	0.399
689	0.6
690	0.573
691	0.387
692	0.582
693	0.366
694	0.172
695	0.439
696	0.423
697	0.695
698	0.751
699	0.305
700	0.58
701	0.616
702	0.626
703	0.192
704	0.259
705	0.202
706	0.168
707	0.278
708	0.33
709	0.288
710	0.164
711	0.438
712	0.188
713	0.331
714	0.236
715	0.409
716	0.426
717	0.191
718	0.167
719	0.441
720	0.399
721	0.365
722	0.334
723	0.529
724	0.418
725	0.169
726	0.393
727	0.65
728	0.451
729	0.388
730	0.346
731	0.304
732	0.411
733	0.361
734	0.375
735	0.448
736	0.599
737	0.526
738	0.635
739	0.817
740	0.908
741	0.424
742	0.159
743	0.559
744	0.279
745	0.418
746	0.693
747	0.945
748	1.059
749	0.34
750	0.392
751	0.238
752	0.444
753	0.431
754	0.324
755	0.218
756	0.282
757	0.426
758	0.387
759	0.45
760	0.231
761	0.188
762	0.346
763	0.212
764	0.363
765	0.377
766	0.193
767	0.281
768	0.589
769	0.391
770	0.325
771	0.551
772	0.249
773	0.521
774	0.438
775	0.215
776	0.241
777	0.355
778	0.311
779	0.387
780	0.18
781	0.386
782	0.302
783	0.451
784	0.442
785	0.918
786	1.22
787	0.204
788	0.272
789	0.391
790	0.232
791	0.507
792	0.425
793	0.684
794	0.563
795	0.185
796	0.416
797	0.177
798	0.154
799	0.258
800	0.369
801	0.243
802	0.235
803	0.269
804	0.38
805	0.675
806	0.469
807	0.395
808	0.25
809	0.173
810	0.42
811	0.23
812	0.237
813	0.189
814	0.634
815	0.421
816	0.437
817	0.678
818	0.327
819	0.34
820	0.317
821	0.196
822	0.38
823	0.442
824	0.229
825	0.154
826	0.252
827	0.418
828	0.713
829	0.922
830	0.18
831	0.448
832	0.308
833	0.628
834	0.449
835	0.196
836	0.284
837	0.314
838	0.314
839	0.577
840	0.234
841	0.544
842	0.394
843	0.423
844	0.33
845	0.55
846	0.351
847	0.302
848	0.602
849	0.886
850	1.25
851	1.32
852	0.662
853	0.288
854	0.429
855	0.357
856	0.43
857	0.178
858	0.397
859	0.449
860	0.89
861	0.758
862	0.599
863	0.218
864	0.22
865	0.725
866	0.36
867	0.345
868	0.282
869	0.236
870	0.437
871	0.179
872	0.254
873	0.445
874	0.254
875	0.286
876	0.157
877	0.267
878	0.399
879	0.159
880	0.287
881	0.291
882	0.352
883	0.266
884	0.695
885	0.28
886	0.697
887	0.24
888	0.316
889	0.591
890	0.28
891	0.455
892	0.376
893	0.202
894	0.41
895	0.358
896	0.284
897	0.355
898	0.228
899	0.442
900	0.542
901	0.63
902	0.773
903	0.611
904	0.214
905	0.216
906	0.282
907	0.514
908	0.177
909	0.248
910	0.186
911	0.362
912	0.36
913	0.599
914	0.899
915	0.218
916	0.306
917	0.349
918	0.522
919	0.692
920	0.405
921	0.394
922	0.362
923	0.701
924	0.666
925	0.467
926	0.363
927	0.643
928	0.732
929	0.204
930	0.355
931	0.437
932	0.364
933	0.376
934	0.313
935	0.561
936	0.376
937	0.169
938	0.255
939	0.326
940	0.247
941	0.175
942	0.368
943	0.305
944	0.439
945	0.62
946	0.207
947	0.451
948	0.742
949	0.359
950	0.351
951	0.382
952	0.269
953	0.38
954	0.669
955	0.723
956	0.839
957	0.533
958	0.74
959	0.856
960	0.211
961	0.365
962	0.532
963	0.353
964	0.21
965	0.358
966	0.261
967	0.351
968	0.418
969	0.253
970	0.803
971	0.285
972	0.354
973	0.505
974	0.199
975	0.343
976	0.593
977	0.286
978	0.504
979	0.761
980	0.234
981	0.42
982	0.362
983	0.202
984	0.253
985	0.449
986	0.358
987	0.189
988	0.319
989	0.246
990	0.383
991	0.521
992	0.737
993	0.94
994	0.417
995	0.352
996	0.184
997	0.381
998	0.303
999	0.817
1000	1.062
